p2ry2.1_pocket_residue,closest p2ry2.2_pocket_residue within 3.0 angstroms
MET 72 (chain A),NO ALIGNED RESIDUE
LEU 75 (chain A),NO ALIGNED RESIDUE
CYS 78 (chain A),LEU 205 (chain A)
ASP 79 (chain A),LEU 205 (chain A)
ASN 116 (chain A),ILE 121 (chain A)
LEU 117 (chain A),NO ALIGNED RESIDUE
GLY 119 (chain A),LEU 117 (chain A)
SER 120 (chain A),LEU 117 (chain A)
ILE 121 (chain A),NO ALIGNED RESIDUE
LEU 122 (chain A),PHE 113 (chain A)
PHE 123 (chain A),TYR 114 (chain A)
LEU 124 (chain A),NO ALIGNED RESIDUE
SER 125 (chain A),NO ALIGNED RESIDUE
ILE 127 (chain A),NO ALIGNED RESIDUE
ALA 251 (chain A),PRO 259 (chain A)
PHE 252 (chain A),NO ALIGNED RESIDUE
CYS 255 (chain A),NO ALIGNED RESIDUE
PHE 256 (chain A),PHE 257 (chain A)
ALA 295 (chain A),NO ALIGNED RESIDUE
SER 296 (chain A),NO ALIGNED RESIDUE
ALA 297 (chain A),PHE 210 (chain A)
ASN 298 (chain A),PHE 206 (chain A)
SER 299 (chain A),PHE 206 (chain A)
CYS 300 (chain A),NO ALIGNED RESIDUE
ILE 301 (chain A),NO ALIGNED RESIDUE
ASP 302 (chain A),MET 202 (chain A)
PRO 303 (chain A),NO ALIGNED RESIDUE
LEU 305 (chain A),ILE 265 (chain A)
