GPR132_pocket_residue,closest gpr132a_pocket_residue within 2.5 angstroms
ILE 126 (chain A),NO ALIGNED RESIDUE
SER 129 (chain A),SER 105 (chain A)
ILE 130 (chain A),ILE 106 (chain A)
LEU 131 (chain A),NO ALIGNED RESIDUE
LEU 133 (chain A),NO ALIGNED RESIDUE
CYS 134 (chain A),CYS 110 (chain A)
SER 137 (chain A),NO ALIGNED RESIDUE
CYS 138 (chain A),NO ALIGNED RESIDUE
GLY 207 (chain A),NO ALIGNED RESIDUE
PHE 208 (chain A),LEU 195 (chain A)
PRO 211 (chain A),NO ALIGNED RESIDUE
LEU 212 (chain A),THR 199 (chain A)
ILE 214 (chain A),NO ALIGNED RESIDUE
ILE 215 (chain A),NO ALIGNED RESIDUE
ALA 216 (chain A),NO ALIGNED RESIDUE
THR 218 (chain A),NO ALIGNED RESIDUE
ASN 219 (chain A),NO ALIGNED RESIDUE
VAL 247 (chain A),VAL 230 (chain A)
VAL 248 (chain A),NO ALIGNED RESIDUE
ILE 250 (chain A),NO ALIGNED RESIDUE
PHE 251 (chain A),NO ALIGNED RESIDUE
LEU 252 (chain A),NO ALIGNED RESIDUE
CYS 254 (chain A),CYS 237 (chain A)
PHE 255 (chain A),NO ALIGNED RESIDUE
ALA 256 (chain A),NO ALIGNED RESIDUE
HIS 259 (chain A),NO ALIGNED RESIDUE
SER 297 (chain A),NO ALIGNED RESIDUE
ASN 300 (chain A),ASN 279 (chain A)
