LPAR1_pocket_residue,closest lpar1_pocket_residue within 2.5 angstroms
LEU 132 (chain A),LEU 114 (chain A)
SER 135 (chain A),SER 117 (chain A)
VAL 136 (chain A),VAL 118 (chain A)
LEU 139 (chain A),LEU 121 (chain A)
LEU 140 (chain A),LEU 122 (chain A)
ALA 143 (chain A),ALA 125 (chain A)
THR 217 (chain A),THR 199 (chain A)
PHE 218 (chain A),PHE 200 (chain A)
MET 221 (chain A),MET 203 (chain A)
VAL 222 (chain A),VAL 204 (chain A)
LEU 224 (chain A),LEU 206 (chain A)
TYR 225 (chain A),TYR 207 (chain A)
ILE 228 (chain A),ILE 210 (chain A)
VAL 260 (chain A),VAL 242 (chain A)
VAL 261 (chain A),VAL 243 (chain A)
ILE 262 (chain A),ILE 244 (chain A)
VAL 263 (chain A),VAL 245 (chain A)
LEU 264 (chain A),LEU 246 (chain A)
GLY 265 (chain A),GLY 247 (chain A)
ALA 266 (chain A),ALA 248 (chain A)
PHE 267 (chain A),PHE 249 (chain A)
ILE 268 (chain A),ILE 250 (chain A)
ILE 269 (chain A),VAL 251 (chain A)
TRP 271 (chain A),TRP 253 (chain A)
THR 272 (chain A),THR 254 (chain A)
ASN 303 (chain A),ASN 285 (chain A)
