KISS1R_pocket_residue,closest kiss1rb_pocket_residue within 2.0 angstroms
GLN 122 (chain A),GLN 122 (chain A)
GLN 123 (chain A),GLN 123 (chain A)
VAL 126 (chain A),ALA 126 (chain A)
ASN 208 (chain A),NO ALIGNED RESIDUE
LEU 209 (chain A),PHE 213 (chain A)
LEU 212 (chain A),NO ALIGNED RESIDUE
TYR 213 (chain A),TYR 217 (chain A)
LEU 214 (chain A),NO ALIGNED RESIDUE
PHE 272 (chain A),NO ALIGNED RESIDUE
TRP 276 (chain A),TRP 280 (chain A)
GLY 277 (chain A),GLY 281 (chain A)
PRO 278 (chain A),PRO 282 (chain A)
ILE 279 (chain A),ILE 283 (chain A)
GLN 280 (chain A),GLN 284 (chain A)
LEU 281 (chain A),ILE 285 (chain A)
PHE 282 (chain A),LEU 286 (chain A)
LEU 283 (chain A),ILE 287 (chain A)
VAL 284 (chain A),LEU 288 (chain A)
SER 312 (chain A),SER 314 (chain A)
