adrb3a_pocket_residue,closest adrb3b_pocket_residue within 2.0 angstroms
SER 114 (chain A),SER 101 (chain A)
ILE 115 (chain A),ILE 102 (chain A)
LEU 118 (chain A),LEU 105 (chain A)
CYS 119 (chain A),CYS 106 (chain A)
ILE 121 (chain A),NO ALIGNED RESIDUE
ALA 122 (chain A),ALA 109 (chain A)
PHE 204 (chain A),PHE 189 (chain A)
PRO 207 (chain A),PRO 192 (chain A)
LEU 208 (chain A),LEU 193 (chain A)
MET 211 (chain A),MET 196 (chain A)
ILE 212 (chain A),VAL 197 (chain A)
VAL 214 (chain A),LEU 199 (chain A)
TYR 215 (chain A),TYR 200 (chain A)
LEU 291 (chain A),LEU 258 (chain A)
GLY 292 (chain A),GLY 259 (chain A)
ILE 293 (chain A),ILE 260 (chain A)
ILE 294 (chain A),ILE 261 (chain A)
MET 295 (chain A),MET 262 (chain A)
GLY 296 (chain A),GLY 263 (chain A)
VAL 297 (chain A),ILE 264 (chain A)
PHE 298 (chain A),PHE 265 (chain A)
THR 299 (chain A),SER 266 (chain A)
LEU 300 (chain A),LEU 267 (chain A)
CYS 301 (chain A),CYS 268 (chain A)
TRP 302 (chain A),TRP 269 (chain A)
ASN 332 (chain A),ASN 301 (chain A)
