CALCR_pocket_residue,closest calcr_pocket_residue within 2.5 angstroms
TYR 207 (chain A),TYR 319 (chain A)
ASN 249 (chain A),ASN 361 (chain A)
TYR 250 (chain A),TYR 362 (chain A)
MET 253 (chain A),MET 365 (chain A)
LEU 254 (chain A),LEU 366 (chain A)
GLU 256 (chain A),NO ALIGNED RESIDUE
GLY 257 (chain A),GLY 369 (chain A)
ALA 324 (chain A),ALA 436 (chain A)
LEU 325 (chain A),LEU 437 (chain A)
ASN 328 (chain A),ASN 440 (chain A)
PHE 329 (chain A),LEU 441 (chain A)
PHE 331 (chain A),PHE 443 (chain A)
LEU 332 (chain A),LEU 444 (chain A)
ILE 335 (chain A),ILE 447 (chain A)
LEU 364 (chain A),LEU 476 (chain A)
VAL 365 (chain A),VAL 477 (chain A)
PRO 366 (chain A),PRO 478 (chain A)
LEU 367 (chain A),PRO 478 (chain A)
LEU 368 (chain A),LEU 480 (chain A)
GLY 369 (chain A),GLY 481 (chain A)
ILE 370 (chain A),ILE 482 (chain A)
GLN 371 (chain A),GLN 483 (chain A)
PHE 372 (chain A),PHE 484 (chain A)
VAL 373 (chain A),VAL 485 (chain A)
GLN 399 (chain A),GLN 511 (chain A)
