f2rl1.1_pocket_residue,closest f2rl1.2_pocket_residue within 2.0 angstroms
MET 142 (chain A),NO ALIGNED RESIDUE
SER 145 (chain A),NO ALIGNED RESIDUE
THR 146 (chain A),NO ALIGNED RESIDUE
ALA 147 (chain A),NO ALIGNED RESIDUE
ILE 149 (chain A),NO ALIGNED RESIDUE
ALA 150 (chain A),ILE 148 (chain A)
SER 153 (chain A),NO ALIGNED RESIDUE
GLY 232 (chain A),NO ALIGNED RESIDUE
PHE 233 (chain A),NO ALIGNED RESIDUE
PRO 236 (chain A),NO ALIGNED RESIDUE
CYS 237 (chain A),NO ALIGNED RESIDUE
LEU 238 (chain A),NO ALIGNED RESIDUE
VAL 239 (chain A),THR 149 (chain A)
CYS 240 (chain A),NO ALIGNED RESIDUE
ILE 241 (chain A),NO ALIGNED RESIDUE
SER 243 (chain A),NO ALIGNED RESIDUE
ASN 244 (chain A),NO ALIGNED RESIDUE
VAL 274 (chain A),NO ALIGNED RESIDUE
MET 277 (chain A),NO ALIGNED RESIDUE
PHE 278 (chain A),NO ALIGNED RESIDUE
CYS 281 (chain A),PRO 294 (chain A)
PHE 282 (chain A),NO ALIGNED RESIDUE
THR 283 (chain A),NO ALIGNED RESIDUE
SER 285 (chain A),NO ALIGNED RESIDUE
ASN 286 (chain A),NO ALIGNED RESIDUE
ASN 318 (chain A),NO ALIGNED RESIDUE
