npffr1_pocket_residue,closest npffr1l1_pocket_residue within 3.0 angstroms
MET 1 (chain A),NO ALIGNED RESIDUE
CYS 2 (chain A),NO ALIGNED RESIDUE
VAL 3 (chain A),NO ALIGNED RESIDUE
TRP 9 (chain A),TRP 97 (chain A)
SER 19 (chain A),SER 107 (chain A)
GLY 20 (chain A),ASN 108 (chain A)
GLN 23 (chain A),GLN 111 (chain A)
VAL 27 (chain A),VAL 115 (chain A)
MET 73 (chain A),NO ALIGNED RESIDUE
SER 76 (chain A),NO ALIGNED RESIDUE
LEU 80 (chain A),NO ALIGNED RESIDUE
GLU 105 (chain A),GLU 192 (chain A)
TRP 184 (chain A),TRP 262 (chain A)
LEU 187 (chain A),LEU 265 (chain A)
TRP 188 (chain A),TRP 266 (chain A)
MET 191 (chain A),MET 269 (chain A)
PHE 212 (chain A),PHE 290 (chain A)
HIS 216 (chain A),HIS 294 (chain A)
ALA 219 (chain A),NO ALIGNED RESIDUE
PHE 220 (chain A),PHE 298 (chain A)
