HRH1_pocket_residue,closest hrh1_pocket_residue within 2.0 angstroms
VAL 864 (chain A),NO ALIGNED RESIDUE
TYR 865 (chain A),NO ALIGNED RESIDUE
ASN 866 (chain A),NO ALIGNED RESIDUE
SER 867 (chain A),NO ALIGNED RESIDUE
LYS 868 (chain A),NO ALIGNED RESIDUE
THR 869 (chain A),NO ALIGNED RESIDUE
GLY 870 (chain A),NO ALIGNED RESIDUE
ILE 871 (chain A),NO ALIGNED RESIDUE
ASP 872 (chain A),NO ALIGNED RESIDUE
ARG 922 (chain A),NO ALIGNED RESIDUE
THR 923 (chain A),NO ALIGNED RESIDUE
ASN 924 (chain A),NO ALIGNED RESIDUE
THR 956 (chain A),NO ALIGNED RESIDUE
GLN 960 (chain A),NO ALIGNED RESIDUE
THR 963 (chain A),NO ALIGNED RESIDUE
LEU 964 (chain A),NO ALIGNED RESIDUE
GLU 986 (chain A),NO ALIGNED RESIDUE
PRO 987 (chain A),ASN 108 (chain A)
MET 988 (chain A),NO ALIGNED RESIDUE
LEU 989 (chain A),NO ALIGNED RESIDUE
LYS 991 (chain A),TRP 502 (chain A)
MET 992 (chain A),TYR 505 (chain A)
ILE 1107 (chain A),NO ALIGNED RESIDUE
GLY 1110 (chain A),NO ALIGNED RESIDUE
PHE 1111 (chain A),NO ALIGNED RESIDUE
PHE 1112 (chain A),NO ALIGNED RESIDUE
ARG 1113 (chain A),NO ALIGNED RESIDUE
ASN 1114 (chain A),NO ALIGNED RESIDUE
HIS 1152 (chain A),NO ALIGNED RESIDUE
