CXCR2_pocket_residue,closest cxcr2_pocket_residue within 2.0 angstroms
PHE 130 (chain A),NO ALIGNED RESIDUE
GLY 133 (chain A),SER 111 (chain A)
ILE 134 (chain A),VAL 112 (chain A)
LEU 135 (chain A),PHE 113 (chain A)
LEU 137 (chain A),LEU 115 (chain A)
ALA 138 (chain A),ALA 116 (chain A)
SER 141 (chain A),SER 119 (chain A)
GLY 219 (chain A),NO ALIGNED RESIDUE
PHE 220 (chain A),NO ALIGNED RESIDUE
PRO 223 (chain A),PRO 202 (chain A)
LEU 224 (chain A),LEU 203 (chain A)
ILE 226 (chain A),VAL 205 (chain A)
MET 227 (chain A),MET 206 (chain A)
LEU 228 (chain A),MET 207 (chain A)
CYS 230 (chain A),CYS 209 (chain A)
TYR 231 (chain A),TYR 210 (chain A)
ILE 253 (chain A),NO ALIGNED RESIDUE
VAL 256 (chain A),VAL 235 (chain A)
VAL 257 (chain A),VAL 236 (chain A)
ILE 259 (chain A),ALA 238 (chain A)
PHE 260 (chain A),PHE 239 (chain A)
LEU 261 (chain A),ILE 240 (chain A)
TRP 264 (chain A),TRP 243 (chain A)
LEU 265 (chain A),LEU 244 (chain A)
ASN 268 (chain A),ASN 247 (chain A)
HIS 306 (chain A),HIS 285 (chain A)
